3337
53234
33611
56407
62623
50709
43676
50022
37525
2154
45875
24918
7189
40280
37493
56083
59780
28321
46191
16270
10076
32363
3959
41876
11446
4800
27794
51347
31259
4532
25842
11910
34127
38208
5820
47258
47818
1368
55234
48028
4314
27893
41591
17209
19580
60411
50171
6573
41384
2162
34902
2804
45481
42359
36803
33563
28499
49691
56290
62824
5018
3620
61797
406
53932
23223
2462
33796
17238
61826
55843
16196
38276
45652
65323
38816
35358
17748
23136
36291
13336
50126
29396
19306
35033
33408
65304
54679
43782
31570
40728
57848
14095
35145
31683
4853
4637
56479
3557
38251
52034
57010
61206
65278
20843
4586
65195
31233
63429
14613
46158
34524
45904
26791
35188
34942
28777
16978
32228
48208
62352
62876
57508
21571
7842
11794
27104
64937
45213
38383
64021
59140
49904
17158
56110
11570
53640
18222
30641
47720
942
48671
9887
62086
34917
23673
57017
52763
4776
34595
36232
10853
5650
60222
3163
26369
9212
1571
37655
56305
22938
58946
23889
6816
59968
2479
29925
17520
33456
49633
11677
26615
11494
5585
29257
52474
62463
10427
11429
17738
22351
42023
39298
1969
32581
15423
33083
47263
36896
54701
1202
9319
43635
6345
57438
50931
33197
55047
52294
42708
39504
55612
35007
50282
32157
49245
30532
35516
37971
8786
35910
22009
3872
2590
23957
27818
50870
21017
61496
17223
24647
51256
17235
49187
10993
52285
62389
36307
4196
48541
28568
38504
58404
32804
15265
8345
14985
538
42101
64317
28700
45573
47678
53688
29820
25835
43254
30533
24319
17512
59398
24031
32695
61053
35165
55768
2753
15308
19078
31611
16224
58440
19719
1667
62706
64093
21843
8695
18234
31188
42139
9343
1687
48621
26705
42878
252
59939
65139
14549
60162
16035
3554
26123
63135
3376
33378
58877
9196
59669
41671
11982
18818
40255
45389
50735
16966
4794
16563
61722
49012
18463
51252
38837
58490
46054
7144
41064
6160
22686
37277
15602
47138
42694
33629
37680
36339
15576
906
25578
49750
10001
23098
19094
32941
28195
58207
33671
40744
21071
12470
53558
17804
18344
44140
48869
15858
46338
6562
42367
1685
10507
8439
10582
56701
34058
63781
29300
26687
55968
16638
55293
45107
1544
20602
45002
26590
35094
56597
10271
40411
47269
31156
41125
34242
54923
40707
41867
3481
25086
56792
3702
55151
28547
11543
63170
32806
44180
61135
35779
3977
18983
81
32441
1921
8324
38405
203
57929
14025
41171
3678
22162
29929
22452
49764
28311
45216
16186
44603
14451
51374
41517
31089
32038
60951
3290
17119
48225
9512
40866
45006
30759
2130
18411
14570
18569
51523
26690
60844
63342
45461
44084
36838
4911
8227
41392
61594
40490
23245
56251
57155
14055
62069
28691
43968
53373
55401
24198
15136
46041
21978
7264
28432
30873
36640
2931
12488
13645
6695
64146
51567
44090
61828
1973
27893
24566
63585
59876
30741
33940
40799
3461
75
49847
37809
16472
64423
58380
51251
22009
41125
16607
28866
4626
14797
13923
35451
21817
47126
61968
25643
35922
59466
28954
59755
29536
36036
336
40175
35606
23760
47933
39763
4049
20219
2558
23605
42925
49950
11486
25318
26576
25883
52894
40876
48590
43286
2025
56843
27805
57159
60098
32849
19436
18150
42264
46327
12401
38637
20093
52102
8929
59251
4408
56493
21764
8345
59175
26801
36918
23442
6
12336
53651
24736
54876
29130
36230
28874
19272
64517
31105
17821
64902
33175
34523
64165
44536
14272
59397
58827
29012
40576
63743
7125
52386
4553
55443
65196
40423
21806
32779
8873
58683
8601
32478
41124
33198
2665
60877
31385
45613
3328
9384
41550
27173
18411
42684
60128
9549
44380
11969
20953
2808
52231
54161
39038
41202
51631
44527
48289
40249
28791
60619
2050
15986
19210
52108
53193
61876
37023
50341
43525
33459
26823
46377
34469
1673
29717
31567
21294
39572
43633
9600
22045
48533
26186
47211
24362
55899
50527
19565
1641
50775
37010
7199
9208
50298
19560
41694
14027
43861
24575
6472
51556
19773
57384
10966
55586
14393
15539
20874
36512
27217
3782
46838
3455
6938
40108
7005
1611
15910
23083
6196
59421
47282
2095
4425
55140
22673
60450
31657
54876
43126
31307
26863
8163
38732
22474
54691
35230
13009
42021
22430
44038
10791
26709
62049
35122
30962
65019
63872
54154
8198
25859
43043
52895
41712
15642
1963
62560
43780
25283
45438
6663
36406
47654
10401
12424
64350
13308
59926
65135
64382
36734
52736
19250
10737
18272
817
20
10431
48028
24953
16201
11382
20169
18623
33085
6371
24493
64083
28677
14020
55172
47828
42006
34856
18117
62458
8754
15811
5511
37547
47748
45429
15995
34167
17208
35294
892
17838
22289
38417
28097
59596
24868
26645
41380
15384
37972
28291
49985
47234
7474
4612
36320
48177
45679
18571
51362
59635
20637
54908
26498
65091
48269
39792
42097
10788
37299
25993
29101
63656
33411
51492
55449
36383
50553
58363
44879
14007
54511
6122
22437
1849
61517
5071
17443
63577
40056
44421
57135
45234
34403
28689
15909
60297
5914
31272
8768
56202
4866
37910
2925
3101
16534
52890
12931
34949
11231
42775
51312
39303
11627
36428
50056
20418
19458
52901
17152
40303
59899
35679
22405
46415
24575
56174
1686
12641
16830
40907
8519
37276
33679
32071
1736
36069
44200
33840
27456
33742
44724
19591
34021
59582
33561
14835
40946
23355
55046
57365
40476
28456
33540
7100
42010
1182
22479
63674
34752
50254
41777
19580
3922
52932
18957
33693
57192
11610
11182
19070
62501
51655
54167
55027
40215
65480
3295
57654
21682
39709
23261
5461
9641
52720
30919
37333
5485
24572
64275
5428
46112
47328
54383
53191
15248
7918
35517
33642
53415
27396
12689
7084
35148
55439
1259
14567
54352
33329
41691
7287
5587
32458
11159
58588
35057
39701
59262
21426
21440
63768
51188
15882
52383
49946
7393
61215
5251
58259
945
59123
49316
53570
24471
34608
31688
58838
62557
4650
29704
2447
34566
20249
33289
22034
39059
48385
10732
31217
29009
22629
39363
23483
13443
2101
21594
45789
42871
4439
18160
60608
12807
53122
7252
55540
31679
4742
64724
53041
26211
8734
55354
36969
9938
42365
25130
16579
58947
42891
8656
60949
53807
11075
12361
1173
24249
19797
21884
27989
61647
44828
15831
24355
16436
54153
9362
58662
49444
